100.0 002.2021 230.4478 015.9747
100.0 009.9186 120.5437 018.5982
100.0 074.1602 111.2039 014.9012
100.0 203.2395 174.5166 020.8932
100.0 094.9940 180.1736 019.0774
100.0 150.9093 164.8604 018.6587
100.0 090.4090 235.9897 017.5948
100.0 018.7571 081.1065 015.9293
100.0 154.6806 064.2588 013.9626
100.0 139.4485 036.2427 021.5873
100.0 250.2630 136.8232 016.1348
100.0 223.7931 139.4981 021.2572
100.0 023.6042 196.1885 015.2579
100.0 030.3547 051.0409 020.6504
100.0 117.0242 171.3581 017.7997
100.0 156.1856 104.2971 021.7250
100.0 120.2873 192.3191 015.6819
100.0 178.3803 222.8991 019.9338
100.0 187.3208 136.1124 016.7520
100.0 192.4087 118.5612 019.9338
100.0 242.2652 239.6593 014.2190
100.0 251.5646 196.9418 020.9437
100.0 150.1800 248.8152 017.3130
100.0 128.5582 160.4875 021.5374
100.0 172.5939 010.6469 021.9745
100.0 243.6431 002.0340 021.4932
100.0 158.0222 226.9165 013.8024
100.0 203.7918 042.8178 017.6852
100.0 242.7934 076.0182 017.5545
100.0 139.7181 001.1400 019.4091
100.0 145.8522 051.1217 021.5553
100.0 046.8157 047.1557 014.4186
100.0 001.5193 162.9019 015.5637
100.0 028.6858 011.9526 018.8392
100.0 038.4224 005.3330 018.4349
100.0 091.2937 196.6346 021.4646
100.0 000.0726 251.4427 020.3809
100.0 171.5446 094.2045 013.3706
100.0 038.3388 067.7641 018.5765
100.0 159.5487 032.2795 021.1641
100.0 018.5150 222.0194 020.6518
100.0 204.2934 193.3778 020.9898
100.0 218.7264 002.3058 021.6364
100.0 121.3244 138.4744 020.0109
100.0 233.4637 230.5362 014.5322
100.0 161.9349 017.4101 013.5061
100.0 170.7559 172.3435 020.4929
100.0 239.9747 034.9781 021.8213
100.0 181.2011 235.4860 017.4749
100.0 142.9120 019.6572 017.1302
100.0 215.3472 128.1220 019.9338
100.0 034.3940 090.3190 020.2698
100.0 104.3529 036.1856 020.1744
100.0 149.4745 006.4774 020.8693
100.0 215.3753 205.6122 021.5406
100.0 201.8826 254.8764 020.5775
100.0 091.3403 155.8081 021.5961
100.0 013.5383 233.2823 016.8351
100.0 090.2466 105.6821 015.5828
100.0 030.4959 231.1048 018.9586
100.0 026.3557 156.6235 018.7082
100.0 046.9459 122.0492 019.5483
100.0 207.9327 057.7594 021.9578
100.0 178.9039 038.4188 015.6440
100.0 186.7390 081.8093 017.4390
100.0 102.1622 244.3920 021.2530
100.0 081.4823 018.9780 016.0076
100.0 206.0103 098.1406 020.2058
100.0 126.1028 230.9669 018.7449
100.0 035.2566 021.8318 016.6918
100.0 147.7188 095.3300 020.7555
100.0 223.3540 067.5941 021.7494
100.0 157.0593 114.7845 020.9879
100.0 054.2955 005.8460 019.6817
100.0 051.2933 061.1131 013.2908
100.0 161.6696 130.7842 021.9899
100.0 079.9791 247.3516 019.9365
100.0 120.6501 047.7059 020.5736
100.0 001.8889 030.2639 017.3227
